Final clustering by k-means:
[1 0 0 2 4 0 0 4 2 4 4 4 2 0 3 3 2 0 0 0 1 4 4 4 4 2 1 2 0 2 3 1 2 1 0 0 2
 4 0 2 4 4 2 4 2 4 4 1 0 1]
diff_cluster_center =[[4.85276336e-01 2.75708992e-01 0.00000000e+00 1.40424537e-02
  9.22175681e-03 4.66796189e-03 1.41589540e-02 1.32783797e-02
  9.37843270e-03 0.00000000e+00 1.15300573e-02 1.64121797e-02
  7.25416862e-03 7.64106738e-03 8.07233652e-03 0.00000000e+00
  0.00000000e+00 2.16330454e-02 0.00000000e+00 6.38811383e-04]
 [6.86959911e-01 5.58481054e-01 0.00000000e+00 2.89446494e-02
  1.71261198e-02 1.95054122e-02 3.11646819e-02 2.64212658e-02
  1.46670226e-02 9.02305630e-03 3.30116521e-02 3.43707958e-02
  9.43041920e-03 1.77381921e-02 2.07574368e-02 0.00000000e+00
  0.00000000e+00 3.08244256e-02 0.00000000e+00 1.18636400e-03]
 [9.90961225e-01 5.54520196e-01 0.00000000e+00 2.94222839e-02
  1.16552760e-02 1.39066365e-02 2.53754094e-02 2.41461013e-02
  2.62020247e-02 5.26344951e-03 1.97772510e-02 3.25333634e-02
  2.04325749e-02 1.31065531e-02 1.95081466e-02 0.00000000e+00
  0.00000000e+00 3.67699608e-02 0.00000000e+00 5.53636532e-03]
 [9.72603277e-01 1.08383493e+00 0.00000000e+00 5.75071912e-02
  1.33203154e-02 2.52847936e-02 6.51428420e-02 4.52097215e-02
  3.63619935e-02 0.00000000e+00 1.87363431e-02 4.53953907e-02
  3.45782037e-02 5.24262123e-02 5.78517451e-02 0.00000000e+00
  0.00000000e+00 6.30342186e-02 0.00000000e+00 1.93772786e-02]
 [1.02454523e+00 2.17271095e-01 0.00000000e+00 1.04315370e-02
  0.00000000e+00 5.05695871e-03 1.39375383e-02 9.45294177e-03
  6.84461053e-03 4.21075961e-03 6.24544769e-03 1.08948938e-02
  6.91564075e-03 3.31112920e-03 6.99602499e-03 0.00000000e+00
  0.00000000e+00 1.48696105e-02 0.00000000e+00 4.42909226e-03]]
diff_cluster_num =[13  7 12  3 15]
distortion=0.12547432947525602